time,x,y,z,phi,theta,psi,x_velocity,y_velocity,z_velocity,phi_velocity,theta_velocity,psi_velocity,rotor_speed1,rotor_speed2,rotor_speed3,rotor_speed4
0.06,1.89872676489e-08,-3.78549298675e-08,10.0026927893,6.28312966797,6.28315892912,0.0,1.94341611189e-06,-3.98950208569e-06,0.0897560964963,-0.00284979436794,-0.00133380503403,0.0,433.49521524269414,433.38315147272436,433.95570595635076,433.7164898168933
0.12000000000000001,1.25246772805e-06,-2.48254798818e-06,10.0150060503,6.28288401213,6.28282205527,0.0,6.23121634781e-05,-0.00010263643876,0.320649044187,-0.00670736479208,-0.0159589482492,0.0,478.13926301981235,477.0240417730012,475.85941178146305,475.56415572851347
0.18,1.61156617767e-05,-1.6808140898e-05,10.0380969454,6.28220085769,6.28131831161,0.0,0.00054817835954,-0.00043018479755,0.449005020953,-0.0229381409609,-0.0579771070478,0.0,447.8121174841363,444.3811944549749,446.4311642127109,445.1051553825409
0.23999999999999996,9.6929866746e-05,-6.65426604339e-05,10.0666460638,6.28075019223,6.27826004749,0.0,0.00245388436147,-0.0013619615638,0.502608692621,-0.0267796415438,-0.0397362717692,0.0,421.5726143451243,423.14364814505694,422.10104069613135,421.7693325010977
0.3,0.000365412818678,-0.000209868271817,10.1018333439,6.27946898984,6.27628102513,0.0,0.00673656659658,-0.00357511202324,0.670215026765,-0.0122589132544,-0.022079137632,0.0,457.3573783389855,458.76088004249004,457.6471165637401,458.8012570916818
0.36000000000000004,0.000915149695412,-0.000502589844266,10.1447327494,6.27890613697,6.27478754667,0.0,0.0117284414327,-0.00624672087031,0.759708149522,-0.0041700380645,-0.0312095403874,0.0,435.66369688414926,434.899595622578,432.45239073952484,433.13322406922526
0.4200000000000001,0.00179647784935,-0.000965256296954,10.192987959,6.27874704933,6.27308910679,0.0,0.0178272834636,-0.00919560234942,0.848734768246,0.00022492467108,-0.0230575867507,0.0,433.7968476412096,434.48050056916355,433.71817437381884,434.08714148477617
0.48000000000000015,0.00307517921517,-0.00160605177257,10.2464598002,6.27924178153,6.27125312704,0.0,0.0249483732645,-0.012135098634,0.933592492105,0.0207697302594,-0.053302777207,0.0,433.7641096447152,431.2164783295756,432.3039104492832,434.03130727762505
0.5400000000000001,0.00482629496563,-0.00241010973867,10.3052506077,6.28032764107,6.26916746483,0.0,0.0336732708899,-0.0145482842838,1.02601938128,0.0121321847535,-0.0119412373815,0.0,433.84164466960294,437.29931865028817,435.59915252900026,434.87627805763975
0.6000000000000002,0.00713653411647,-0.00333878858137,10.3696346802,6.28104438632,6.26841589782,0.0,0.043407584263,-0.0163344056651,1.12002760836,0.0115702675407,-0.0137222860351,0.0,436.608109266818,436.45962341467686,435.6710876274544,435.62398893763526
0.6600000000000003,0.0100400505467,-0.00435857725553,10.4392259851,6.28226043985,6.26768314849,0.0,0.0534518521273,-0.0175598597516,1.19960096216,0.0336122495322,-0.00935210314812,0.0,431.83736059928196,432.20591573728893,430.38236778159546,432.24373211067365
0.7200000000000003,0.0136142613835,-0.00542523765067,10.517063678,0.000966030280638,6.26701300611,0.0,0.0657561271527,-0.0177681541639,1.39476989272,0.0269514839021,-0.0150759120767,0.0,467.84118474931563,467.39548564382903,467.78877968905414,467.2701711117378
0.7800000000000004,0.0178389303822,-0.0064693983232,10.600228199,0.0028742420114,6.26671173221,0.0,0.0751129801603,-0.0168868010519,1.37740085171,0.0400714749398,0.00989310490674,0.0,399.25472015589753,401.5262048980687,398.9306577736639,400.1272402323711
0.8400000000000004,0.0227221081672,-0.00740635123918,10.688221204,0.00512389718487,6.26730045418,0.0,0.0875885629371,-0.0140808432958,1.55547399083,0.031766327865,0.00964939217551,0.0,462.7866725667007,462.7673631454795,463.33965597015276,462.68692472502823
0.9000000000000005,0.0283293620303,-0.00812890274746,10.7862162072,0.00708909803647,6.26803173971,0.0,0.0992435033568,-0.00979206582719,1.71080628247,0.0346573562518,0.0168351372631,0.0,455.35377088577934,455.928072936355,457.2445257476543,457.4751412786487
0.9600000000000005,0.0346070086385,-0.00855484612929,10.8928362317,0.00884773558894,6.26944583013,0.0,0.109875840926,-0.00419944664628,1.84299094356,0.0155892461477,0.0344478894315,0.0,449.01478379187773,450.44131656806076,450.7814419349715,449.23829295510797
1.0200000000000005,0.0414680954088,-0.00862486009265,11.0059351853,0.00969579691118,6.27207351812,0.0,0.118586408974,0.00195344954278,1.92683880601,0.0110532152108,0.0579005826876,0.0,435.0430347825392,437.00327842812436,434.3880764765997,434.0074476610821
1.0800000000000005,0.0488325287633,-0.00827241034242,11.1277832364,0.0108125845528,6.27594766378,0.0,0.126454172192,0.00990002193154,2.13440264825,0.0305609204092,0.0753602887483,0.0,473.1938836964716,474.538657068886,471.9910176215573,473.4940059992126
1.1400000000000006,0.0565544851547,-0.0074384192605,11.2594274037,0.0143776941255,6.28102506156,0.0,0.130434450669,0.0182097512172,2.25350916194,0.0888279143604,0.0986277857178,0.0,446.4030389906648,448.3031860056826,444.9053821450813,449.6523031871191
1.2000000000000006,0.0644034864409,-0.00600111333432,11.3993998869,0.0199321541851,0.0040106446253,0.0,0.13052788337,0.0302985045519,2.41191161121,0.0991707101749,0.110172052458,0.0,458.95237846331787,459.8764314585473,459.9192653435068,460.7445352526932
1.2600000000000007,0.0721124963868,-0.00369295466949,11.5497466517,0.0261606282212,0.0104979133424,0.0,0.125687481793,0.0473325917636,2.59922241785,0.111755539899,0.103670877886,0.0,469.2866289948043,468.79134272050794,468.940864574671,469.92606425745106
1.3200000000000007,0.0794222018764,-0.00031087708365,11.707815035,0.0323848427805,0.0168665794736,0.0,0.117355679203,0.0660386256505,2.66953752005,0.0785032138032,0.110678353848,0.0,433.5385408655316,434.1370546377858,435.63235542508636,432.8520972974899
1.3800000000000008,0.0861117233304,0.00429574702059,11.869683793,0.0374831969138,0.0237745296013,0.0,0.10498152116,0.087981568183,2.72592726098,0.0954971777349,0.122807324703,0.0,429.6054993490015,430.64491788545934,429.0624559502671,430.5088692217402
1.4400000000000008,0.0918697639209,0.010401679714,12.0370306925,0.0430402881924,0.0310884825905,0.0,0.0861829028856,0.116134964902,2.85195325023,0.0861342228813,0.12002010755,0.0,452.32778060062725,452.1164239784033,452.8282133250142,452.08145200900344
1.5000000000000009,0.0964129120977,0.0182195537784,12.2097931411,0.0481182364977,0.0380670432748,0.0,0.0645823714626,0.144942001427,2.90661165669,0.0814480396705,0.107612765036,0.0,431.3119771800397,430.2753281335006,430.4511887242133,430.06056256036084
1.560000000000001,0.0993763443293,0.0280516848288,12.3896793973,0.052957150515,0.0443708754192,0.0,0.0334878581721,0.183325934681,3.08906195624,0.079000726077,0.0994099439317,0.0,471.1035312854105,470.47778717271143,470.3929092374324,470.20820520976986
1.620000000000001,0.100256539443,0.0403846659167,12.5821117558,0.0576477973973,0.0504935218597,0.0,-0.00485641663289,0.228311158458,3.32462409933,0.0764789008805,0.106847451753,0.0,487.80186585671333,488.3649286371615,486.28418460069673,486.09953671293044
1.680000000000001,0.0990529936614,0.0551134677109,12.7815153504,0.0626362779915,0.0565552084708,0.0,-0.0358067989387,0.263064813999,3.32210785577,0.0939229375748,0.0856597551288,0.0,415.6770245343368,413.8254664249768,414.07697820055097,415.61482874839305
1.740000000000001,0.0956093792925,0.0723286039012,12.9856221418,0.0687381404154,0.0614143147974,0.0,-0.0795083061172,0.311392814864,3.48089456565,0.113908167342,0.069453926771,0.0,465.64092514125366,464.37629140586176,466.6417201813313,468.20744491232125
1.8000000000000012,0.0892314179332,0.0928169380418,13.2025613399,0.0752156571666,0.0652805139468,0.0,-0.133549765985,0.372337960748,3.74945937816,0.09211342357,0.0518147358684,0.0,499.7675343542758,498.482657377021,500.12059284129737,498.5392397548824
1.8600000000000012,0.0798438227222,0.116743804388,13.4306474644,0.0805362685319,0.0681314348166,0.0,-0.179652907873,0.425750748947,3.85298235053,0.0807289257555,0.037120375858,0.0,453.15344870229956,451.9719213637788,452.80407478614154,451.89359588878676
1.9200000000000013,0.0677201652303,0.143881302373,13.6636808337,0.0858697316649,0.070590323807,0.0,-0.224679180197,0.479304115366,3.91450572729,0.101581975053,0.0477586718676,0.0,439.38812604465556,440.2701444970358,439.5881527080583,441.31936820858687
1.9800000000000013,0.0529740910264,0.174181826065,13.8985868559,0.0918503897593,0.0731791913012,0.0,-0.267094790182,0.53123506501,3.91559904309,0.0955710608601,0.0318092240713,0.0,421.9283345644042,420.5500961139645,421.1498367020861,420.63872154230523
2.0400000000000014,0.0354592724223,0.207930077247,14.1359910499,0.0971666463292,0.0752014463271,0.0,-0.316905022079,0.594227874794,3.99748929053,0.0686379504573,0.0372471327481,0.0,447.2793282697181,447.72245460590375,448.50294526004524,446.31617024544073
2.1000000000000014,0.0150159418355,0.245426386019,14.3769555494,0.101428699999,0.0773089088323,0.0,-0.364729443797,0.656016224016,4.03444017774,0.0754388915925,0.0305005462743,0.0,434.64484402628256,434.079568008645,433.1760733136073,433.75164466352516
2.1600000000000015,-0.00854794461578,0.286989028114,14.6228394674,0.10543577843,0.0794528580278,0.0,-0.420908530122,0.729812453635,4.16112677939,0.0374815305125,0.0445495438387,0.0,462.3906393547652,463.49666166081414,463.74795622151834,460.7593980611915
2.2200000000000015,-0.0358688761184,0.333499148087,14.8804945362,0.107850315874,0.0819541342053,0.0,-0.490035672759,0.820699528549,4.42626980829,0.0452584816698,0.0352449087453,0.0,505.0518378999198,504.3809499194354,503.21670646931506,503.7800041650198
2.2800000000000016,-0.0669677179383,0.384958491433,15.1488429584,0.110521937952,0.0840459741922,0.0,-0.546773209064,0.89482905649,4.51821647267,0.0430229432335,0.0340912569152,0.0,455.00511485583115,454.9132225337951,455.8567630398068,455.6791482481063
2.3400000000000016,-0.101308160961,0.440648288758,15.420281995,0.11287731596,0.0859620080425,0.0,-0.598080136482,0.96169675964,4.52961473571,0.0303966223916,0.0272274588517,0.0,431.0954830909749,430.51544506112475,431.0563786981271,429.9887338185863
2.4000000000000017,-0.139140062075,0.500883343919,15.6967523152,0.115009758649,0.0876321003147,0.0,-0.663109531616,1.04626667939,4.68532743815,0.0442318139048,0.0290226607385,0.0,475.9865110310899,476.12403129498284,475.3045716528236,476.3642593682956
2.4600000000000017,-0.180749226103,0.566026983869,15.9807047084,0.118420646021,0.0901620580424,0.0,-0.724051331722,1.12543540431,4.77923611903,0.0744589268273,0.0602966906869,0.0,457.7365766579503,460.21974147072484,457.3442803652376,459.74773771255883
2.520000000000002,-0.226162972171,0.636109876229,16.2712482897,0.122780854259,0.0937622287517,0.0,-0.790071662256,1.21103856742,4.90483980691,0.0688306406713,0.0594088444727,0.0,469.0556682634199,468.98904025033545,470.2695670002614,469.8371144741571
2.580000000000002,-0.275486629436,0.711249196867,16.5679513433,0.126784504467,0.0970802100862,0.0,-0.854358297242,1.29393735815,4.98474391327,0.0621517141669,0.0454646986632,0.0,458.22021513622616,457.11213993063427,456.634398855585,456.1044027753177
2.640000000000002,-0.328857966521,0.791600807556,16.8707037868,0.130576453315,0.0996499102852,0.0,-0.924910752571,1.38474478048,5.10628742243,0.0652148720181,0.0369535478902,0.0,472.7490210418205,472.09354933309015,469.0749630837673,469.3154747238502
2.700000000000002,-0.38632162958,0.877223194447,17.1787993999,0.134432478577,0.102200057639,0.0,-0.990747458096,1.4696395728,5.16313798894,0.0623017265838,0.0517684993775,0.0,451.43860956456194,452.633568629806,452.8593146297989,452.62783061805163
2.760000000000002,-0.447465981367,0.967586336067,17.487177468,0.138601070797,0.105680472405,0.0,-1.04768633068,1.54277942996,5.1161821321,0.0809284155402,0.0682229024147,0.0,418.41117705464694,419.8440037883944,419.030657195546,420.6509424267629
2.820000000000002,-0.512422628774,1.06283963702,17.7958258669,0.143225711535,0.109525723181,0.0,-1.11788661655,1.63270698488,5.17162097767,0.0679839536059,0.0541771123174,0.0,453.3479418046865,452.2206419876,453.3795848456777,452.342740446165
2.880000000000002,-0.582025346707,1.16403762423,18.1110058643,0.14722427218,0.112562338835,0.0,-1.20246765256,1.74084997844,5.33337931897,0.0638167858276,0.042304688087,0.0,486.5267506059962,485.6382732247857,486.1741095579388,485.8646269947177
2.940000000000002,-0.656260629804,1.27114451268,18.4314220773,0.150702670842,0.114891707985,0.0,-1.27225250223,1.82965175146,5.34689940565,0.0425085255085,0.0307480301043,0.0,442.5146113008523,441.56283436725596,443.95223557280633,442.20234083127144
3.000000000000002,-0.734626777955,1.38350308083,18.7517904036,0.152850532993,0.116440650294,0.0,-1.34010962112,1.91579796492,5.33195294543,0.0169255862072,0.0134626961354,0.0,434.87000097697006,433.41954099333543,434.5723511216815,432.4227584179387
3.0600000000000023,-0.816890986513,1.50079514358,19.0695651235,0.154255437246,0.117240370568,0.0,-1.4021390614,1.99403174258,5.26075750424,0.0339714333348,0.013059272896,0.0,414.90827265491,414.87274157235333,414.47840582538385,415.9742044359947
3.1200000000000023,-0.903405451081,1.62346715604,19.3873564068,0.156191997775,0.117745103321,0.0,-1.4817054729,2.09511765321,5.33177704283,0.0286498410205,-0.00304286949213,0.0,462.0484313878701,460.7769152922987,460.7839651534725,460.36335339855515
3.1800000000000024,-0.994912163395,1.75250763779,19.7111327703,0.158585602742,0.117815730901,0.0,-1.56844376807,2.20629511163,5.45996336055,0.0560979166981,0.00850623071618,0.0,478.074192051647,478.9534949046134,479.2361486384217,481.31891491905344
3.2400000000000024,-1.09104856855,1.88748607508,20.0377218386,0.161914718674,0.119122838565,0.0,-1.63621186051,2.29322618927,5.42631932975,0.0542314325456,0.0400497082431,0.0,429.3192246370856,431.98793325413004,429.91034628383903,429.75432405198626
3.3000000000000025,-1.19171181938,2.028305526,20.3658079526,0.165479718211,0.121402269941,0.0,-1.71941579741,2.4009539669,5.50921815956,0.068165222474,0.0335176304462,0.0,467.53971541999914,467.031033124972,467.1559447199105,468.2436207045469
3.3600000000000025,-1.29757236929,2.17586422659,20.700104224,0.169223439885,0.123099556449,0.0,-1.80939208632,2.51790127712,5.6330757007,0.0471985042791,0.0149613976478,0.0,481.09837872781213,479.6912114012937,482.8647985701324,481.28259827125146
3.4200000000000026,-1.40851485532,2.33002183577,21.0389968373,0.171868435325,0.124145509635,0.0,-1.88876893957,2.62082980506,5.66297037969,0.0369855673169,0.0219657509183,0.0,453.77375703912855,454.3357216241817,454.8443060460781,454.0265224580987
3.4800000000000026,-1.52418713884,2.49030910665,21.3792000948,0.174290349723,0.125874402413,0.0,-1.96711180251,2.72218644763,5.67684498023,0.0463864665621,0.0398468582662,0.0,449.79779551117326,451.2440943948067,448.99405126453496,449.75707333144226
3.5400000000000027,-1.64491802121,2.65714587635,21.7226857613,0.176813283518,0.128236517668,0.0,-2.05743153458,2.83912177873,5.7718936529,0.0315394935253,0.0383947173924,0.0,476.1786030714935,476.0681456603173,476.0309400537072,474.8940432219556
3.6000000000000028,-1.77078914795,2.83057992874,22.0693202246,0.179236246422,0.130739366082,0.0,-2.13848724517,2.94209668815,5.78228336363,0.0538991245308,0.0476391367319,0.0,451.34878427023875,452.0953110150482,449.62663095787127,451.4356537529831
3.660000000000003,-1.9013112572,3.0098663866,22.4145828512,0.182803576979,0.133702785875,0.0,-2.21252729691,3.03434098701,5.7264983934,0.0687308425961,0.0526798123382,0.0,429.16249764362186,429.5918428106048,430.4379083607542,431.6941099141915
3.720000000000003,-2.03620329101,3.19456104387,22.7555534585,0.186508065387,0.136816760228,0.0,-2.28417850612,3.12242378384,5.63936878139,0.0416668837468,0.0502921775098,0.0,420.14440140537255,419.93919527953517,420.26381268542934,417.9136424863098
3.780000000000003,-2.1757583279,3.3849938811,23.0934836556,0.189120236916,0.140125347963,0.0,-2.36794548334,3.22544871166,5.62475988966,0.0470337346743,0.0634080461037,0.0,443.17663290102234,444.2556407031569,442.8322178419929,443.2746303863265
3.840000000000003,-2.31999703145,3.58109308111,23.4276849633,0.19178498709,0.143867763007,0.0,-2.44037288583,3.31137529834,5.5155896263,0.0385755858449,0.0602210063874,0.0,412.06882909413406,411.7900632408581,412.360598537055,411.6138371295157
3.900000000000003,-2.46883561076,3.78262074217,23.7566206763,0.194687391134,0.146954893014,0.0,-2.52124487498,3.40635610858,5.44899298189,0.0629946546825,0.0212980916753,0.0,427.258118192545,423.92743890962197,425.2609058204039,427.34941821724345
3.960000000000003,-2.62279597863,3.99016497904,24.0829917089,0.198254054285,0.148563036854,0.0,-2.61092229793,3.51198601935,5.42983430618,0.0511850252549,0.0360067650566,0.0,440.954605109517,442.1684415434703,442.2101118126778,441.2384828653412
4.020000000000002,-2.78175212084,4.20352804448,24.4054188315,0.201030778698,0.150257046745,0.0,-2.68786863986,3.60030748577,5.31805594703,0.0340122486528,0.00432586432765,0.0,412.2965567104652,409.48748207059805,411.13530066552494,409.6119778820715
4.080000000000001,-2.9458286411,4.42283318254,24.7241913316,0.202640653009,0.150356290302,0.0,-2.78140299948,3.70989387592,5.30750865544,0.00587316246544,-0.00431173736337,0.0,444.4621984154046,443.7535362342837,445.39633010761315,443.08863135442067
4.14,-3.11549647651,4.6486697634,25.0421085788,0.203019917309,0.149799433282,0.0,-2.87421333742,3.81789243202,5.28964642068,0.00720220429936,-0.0217549783069,0.0,442.3327764593717,440.8937299741193,442.5689540220147,442.6782515745733
4.199999999999998,-3.2904051376,4.88052905994,25.3568138526,0.203190876118,0.148788289595,0.0,-2.95611306053,3.91072363903,5.20085349661,-0.00771029833327,-0.00850975510883,0.0,417.73304584087083,418.8867811303494,419.12363657899584,417.82519560934026
4.259999999999997,-3.47077936627,5.11867424027,25.6697876626,0.202680171724,0.14832527492,0.0,-3.0563406219,4.02720937044,5.23128868428,-0.0101648641624,-0.00617654599978,0.0,457.08554004618605,457.2716004697566,457.19888733983083,457.00336121807163
4.319999999999996,-3.65708411232,5.36365088083,25.9839978351,0.202093099949,0.147956618811,0.0,-3.15382878724,4.13844800558,5.24217343735,-0.00903450156437,-0.00607978885405,0.0,451.02381089343623,451.0317303259841,452.08001753802,452.17123451079084
4.379999999999995,-3.84945504003,5.61554454113,26.3002255077,0.202279430913,0.147898194186,0.0,-3.25852361255,4.25776532647,5.29826391964,0.0202433410575,0.00766476552325,0.0,466.3537730612764,467.4263750071591,464.56755718081354,466.8580689821536
4.439999999999993,-4.04792092011,5.87430425996,26.6184714448,0.203876080376,0.148344917914,0.0,-3.35708544339,4.36750318578,5.30962551902,0.037003447808,0.0070029927735,0.0,453.34923355823554,453.29592972060686,452.61193269399246,453.9592445076593
4.499999999999992,-4.25231548345,6.13964163832,26.9373270255,0.206308194791,0.14892130754,0.0,-3.45615232866,4.47710092678,5.31856050857,0.0467977104838,0.0143622334688,0.0,453.36053565001345,453.95146908305696,452.3945732725143,453.1835115626219
4.559999999999991,-4.46222255354,6.41094551987,27.2537062415,0.20904556115,0.150055485869,0.0,-3.54095114795,4.56649813213,5.2276288612,0.0431636043717,0.0267127231873,0.0,420.2666886875625,421.3360714847637,421.0164897715698,420.7032009278692
4.6199999999999894,-4.67721423994,6.68757335193,27.5643630773,0.211581156118,0.151912814075,0.0,-3.62569724897,4.65454744439,5.1278464037,0.0403889104479,0.0383173309098,0.0,416.12586711312105,417.14113167664624,418.067975287286,417.8271692854593
4.679999999999988,-4.89768184515,6.96996628771,27.8712175433,0.214007317334,0.153923242212,0.0,-3.72347339479,4.75858634066,5.10044826535,0.0405300489013,0.0215445809639,0.0,441.3791994116178,439.99288313263486,441.83998832935396,441.85248223760306
4.739999999999987,-5.12402274332,7.25855560113,28.1761455728,0.216781754835,0.154698457147,0.0,-3.82140610184,4.8611188058,5.06370105671,0.0557326207213,-0.0162020489437,0.0,440.4473717944475,437.3136509204149,437.61823499844127,438.883421542958
4.799999999999986,-5.35629340454,7.55335515122,28.4790278988,0.220153267149,0.153491398018,0.0,-3.92096420301,4.96566173528,5.03225960591,0.0570945477396,-0.0293995132004,0.0,441.3632413987096,440.2724098597608,440.22526511870325,440.34014852772185
4.859999999999984,-5.59527746547,7.85550371895,28.7846780328,0.223805775243,0.15231247188,0.0,-4.04498966605,5.1059811841,5.15505653906,0.0675263952279,-0.00507812948801,0.0,488.41478478618865,490.22573036247684,488.52924897910657,489.30887511578896
4.919999999999983,-5.841313233,8.16555384336,29.0951790816,0.228519215304,0.152120446509,0.0,-4.15621260327,5.22917930374,5.19435375115,0.0945314233426,0.000313031437674,0.0,465.24678783103866,465.6688626525204,465.06510796537214,467.18038714530627
4.979999999999982,-6.0935703807,8.48236040751,29.4050090216,0.234637042319,0.152584693438,0.0,-4.25249830996,5.3313767961,5.13321093203,0.113742591112,0.019514303024,0.0,433.80224862508186,435.41196674966255,433.8939207074977,435.51327229520314
5.0399999999999805,-6.3516470916,8.80538605402,29.7112011775,0.241011006845,0.15382494745,0.0,-4.3502601293,5.43652634501,5.07301578118,0.0837167937919,0.022888986142,0.0,435.4666178932572,435.7488877073828,436.22723769580034,433.72176013444266
